7889103
196686
3840671
4605700
1787938
123989
8425560
9732078
8325773
3662960
3261234
9808618
7984050
8813073
1496591
4214059
2030478
1421891
4318753
9262505
7619005
508235
3099475
1504348
4516839
4581958
9633198
5625556
2837455
4419850
9580085
6018046
5707251
7830554
6291414
2879867
7602586
6423195
148165
5608330
5957979
3380529
8164727
2763584
9346040
6799545
3130765
623820
6947480
528900
1475814
8164013
1108735
7741948
8749372
9948139
4153008
1131478
8692541
689709
6803758
4274932
5833218
7508553
2075231
587283
3708758
7191072
368372
1322573
9961455
9548076
5383667
9077727
2637604
611312
2235301
5425140
455129
8326778
5208367
4632860
6959552
3725060
5897153
1796039
5651942
5480540
483096
9154183
4836307
288636
2490268
7046389
4433564
658839
3716399
6677349
4452393
7416702
7797444
6138889
6296265
6784831
3313443
5253152
4322947
6184328
8552300
8765539
8065059
3791317
1873706
559759
7336198
6778057
4389019
3669799
6176066
6935452
3591363
742477
8133058
1949166
9576240
3581094
8943909
9778521
7122733
3220139
6485874
4487089
6506942
6243093
7560011
7246085
8263167
9936858
2771544
1432279
5868240
4432474
3396571
9532293
8733242
3639438
3222238
183552
9862137
2493838
1077929
9380569
3305321
5863707
4548845
9935154
5710138
7687636
5148343
3602917
885539
8418221
5791928
5489232
6659641
2525322
9983109
727062
112177
2488736
6633836
9529224
4192572
1782560
9401297
6828432
4129738
6119680
8093430
8017255
6347163
8765165
917546
3189489
5149038
2996007
5046928
8211708
4637663
8801619
3783525
6288956
523102
4168254
275235
1140802
1972278
9605627
5395828
6378033
7510110
8147936
3395275
5804164
5796429
4097379
5382072
9162693
1809411
575708
6540758
4417792
8046033
5011210
6573573
2143526
997364
3603500
2696126
1436586
6835563
7974445
3795674
7224293
6208317
7777591
9439655
9977845
9101401
2050778
2683861
1132779
1700988
2723377
9813887
4643501
1656479
5003570
4520929
6204343
2268841
992673
2800197
8838714
3281747
5586306
4660639
967647
2339073
7793168
4222092
1592360
7761864
6371006
5932012
6760070
2115642
6682625
8997508
3383445
1324739
6483591
7180301
2427771
8744831
6790552
73247
5123898
8263946
5362896
6181955
5461858
1994625
8816281
5779422
3353422
2475414
313851
333554
4588643
8869470
6875891
5251567
5348009
9640154
1003044
7480481
8620422
6564669
7761896
869084
6757
9992625
7233647
5270403
8367650
9116493
1693087
1152259
2947719
5991164
75012
857206
4202390
1946527
1690260
9990174
1099085
2424539
6714025
138366
7399041
7569752
7964281
3448871
5482017
647284
8047820
6030200
651332
4973851
7467793
5620427
6302775
3851003
9050486
5437998
8561754
9272665
1171138
4107267
1103480
8868710
9637101
4971489
8854975
3956403
6791402
1393816
8884004
9259146
1276730
6193756
3501295
7263685
8915883
3362691
6123635
9249758
3322826
8827230
9147183
3469073
5193601
7327265
4312887
1149877
6649366
9323633
2106810
4465352
1522456
4929409
5022872
8390786
4440979
8718314
4755749
8344522
4321591
8931576
7403049
7811980
208670
9893631
7945997
4188110
5910735
6379618
7819753
2502016
491350
4853544
1762587
1064939
946471
6058311
1133181
1752952
9283762
193961
7919419
7205109
5453352
8224903
8031441
8996076
5937223
9415969
8557899
3763342
5729828
5995542
2369346
4166108
8197494
3078710
888931
5074292
998700
4918641
6130071
7042671
1466042
1301631
7233767
4690072
4007301
9929180
488877
8666114
87867
5340324
1265480
1798816
6313060
2744381
8701061
4418672
9688575
1509953
2615828
5236915
481922
1982350
5697112
9567415
7205364
7288723
4051446
5032802
2381287
6864548
777780
9999659
6419393
2626194
3574544
7788106
7606399
6425696
3694746
1461133
2752918
6588295
6342007
5866983
977448
1809171
4677791
7412172
1537119
6233877
7826417
2757001
7590820
1200844
8185749
4669103
6552004
9364986
8548626
8110287
4313385
3584747
7582872
2015888
4326771
4564718
3736899
6872072
8248741
7917547
8364939
1594919
2255951
7216909
8553113
6040416
4232447
3659834
1051164
645484
7604239
1274938
4161932
6039549
2769529
5530027
898588
8831346
7319346
5454558
2278180
6033810
5590063
822397
6692722
738371
5813628
8163203
372730
7480747
9027471
7202598
1174462
2340135
7293942
268705
5034624
9847504
5794314
2582359
6751900
5374362
99250
224830
4937107
3070994
3769697
6942995
7845054
3607756
1966223
938059
5146741
8592398
922103
8341421
3394662
5896373
2625838
2456435
5345032
5100406
7849295
492052
5744944
9156465
1054054
7634521
7508654
9313284
3327431
4636935
9381390
9366186
7170765
9937883
9187227
2709163
6368967
6062928
1523240
4350101
254281
7975599
7503288
6529108
7261686
2216292
2510900
3476299
4548715
9784884
1215174
3096782
7920255
942610
6132124
2612440
3160901
2416169
7532184
295730
8643340
3727947
2633728
4746340
9053164
7318963
9420758
1044229
4806859
2597859
1788961
2760780
4694615
6887313
8764242
5618287
5385907
2376310
1148891
3471432
4995340
6114044
5274734
7542822
5413943
2566470
6043227
5821329
9936208
3876253
2723073
7827511
8252129
7474989
5601215
2369412
3122098
776707
9983594
8806578
9706179
7131511
5935740
3477567
6794229
2552540
4334190
2013396
2718971
1149583
2398557
6494865
3838285
9979540
1573024
3294132
1923512
8386658
1445322
9849108
2126145
3606650
7038984
9058275
7673146
7271844
9366749
1086923
181681
797459
4907444
3006510
5163040
5309210
1296847
4643097
7069684
7001150
7286462
3369742
6779771
9335025
693316
7931534
9498430
8471004
2307131
4199761
491182
5864218
7292754
9697476
5621617
4661617
396192
892970
7590677
1685849
2346952
5331890
2910799
8107207
4723863
6148941
2131782
7153869
5681994
5900416
1494073
1089081
1032557
1514762
9801730
8045763
2546840
3369004
4383717
1936245
2339931
899059
5490349
6127517
8731409
1704016
7637721
5835953
1924418
6112533
6709708
3678188
8411321
7616377
8324669
9462704
9380925
8992230
1351729
5394789
9524387
6114081
7885711
7505866
4129832
626326
1925447
7327988
7870331
8774278
916751
3493205
8866897
5958435
2956698
7659880
8252867
1256175
8814124
2885995
3380709
9883055
9873348
4066241
3534341
5840289
9803146
275210
2246587
9477437
1295276
9688369
5293995
772187
4675722
8594629
1374354
7496353
1239629
716156
9754752
1955863
740184
4859620
2612773
1157965
1868246
8527162
5490522
6225985
1374673
3482213
2884595
2769666
9755581
4708387
4568337
5338789
9193063
3360425
4439320
8655274
844352
1328615
2657389
2754596
6314573
850001
1642828
1273843
1911319
4564991
5388043
3922344
8385154
522316
2482707
3830921
4716926
4444298
9869095
7740948
5798736
3339226
5648085
4535656
8727187
8733759
5640825
7165420
6752814
5498422
3440481
3134238
4646845
2881177
4618304
5605255
7931892
9788862
193513
5205997
9976334
1511806
7923530
3303695
354508
3053113
4126696
9750337
3242170
5790281
8940177
4063306
1117219
378001
8934924
7359021
4390576
8837483
6180804
5748446
2187283
1048032
6859938
5753955
4678962
8918566
3024285
8336665
3764722
2873404
8770219
7707188
1737472
3678627
5455152
8281400
4664960
4846332
6249306
9782562
4662864
160277
7668949
2556952
558481
2829046
5562451
6717219
8160677
3125553
3456720
7054421
5538609
3945873
7861351
9902498
9171899
3421072
4332369
7596079
3797647
8950484
9164071
680873
9785820
7763129
619475
9980149
2193969
2324942
4628812
5563139
1804850
7060191
6485884
4287553
3163107
846765
7938384
4723727
6225686
2588158
4296122
4644103
4872381
7374051
7941464
3694060
1722859
9014440
8192197
3186293
8881550
5812662
3083110
4544614
5089056
6580521
8890675
2844579
5906432
170129
9032204
994338
9397931
7292155
1373403
6723805
2925475
4364672
6014223
4798084
5746114
1235345
2469152
6107001
8399845
6634927
4643481
845434
9959789
6175613
6687883
7639643
1281795
3395986
3582770
3238284
965887
3733280
4147897
5108230
7874294
2596425
275016
5313645
8329392
3390611
2727284
54576
1979260
7361514
4523430
1906703
6550280
4672251
676312
2152057
8232832
9360896
435804
9496105
9827033
2250438
6000610
5434331
437579
3923515
1966426
1693903
4370421
5262279
3438461
386299
6861453
9329128
8684763
3199903
4388207
3372096
9084029
4085428
6825281
9395587
8685505
2051651
273296
4711523
9668572
2727690
8106106
1133679
7111957
7019101
7000164
9318781
7159223
898982
2750831
4829922
9024321
6104613
3153779
2011044
9924266
1218905
1194251
6767882
5010881
7897334
2593670
9028438
1669772
6040466
6376012
800234
3690416
3746989
4906568
3830098
8067577
244948
6134203
6778936
2557238
2278155
8757190
5509868
7991238
1057539
6198071
2907862
7072703
344263
9651309
944220
549536
6891985
6551537
2086575
932391
1173649
6919755
5807468
4921993
3343963
47004
5414978
1366621
8445712
2468481
9432741
8632329
3500307
36741
7478380
5443937
3385016
7941074
5980901
3160203
2895968
3350388
4503459
8752377
6208900
7088775
6219636
3905402
1686821
2486971
6857067
5081493
80882
8155049
6264694
2458983
943697
8239608
8475795
1724658
4087158
9731579
8235083
8063596
7799313
1657765
598018
365801
5657594
3177480
1662559
2525636
1923022
6087943
3227447
3307821
9936873
1071604
5304886
1766831
8427328
7723444
5379227
575547
1383681
6744605
9065835
5665810
9306276
6863711
8837831
9515076
9776125
1885149
8715198
968058
9340165
6729963
6756175
1881931
7783761
1280823
5401724
8671028
7023216
1220876
1754653
8454717
1469139
3072336
9888493
1589555
2183460
6757822
9790192
8581717
2752676
5328302
5292426
8934992
7966834
6579432
1607040
3060875
4427093
2540463
9467214
50230
950497
8832667
4541843
1137829
5139576
5402614
7958085
8147680
6874611
8221968
486074
7463250
7757834
8684074
777008
3288836
8254852
4950042
9161817
2881644
9964804
8536962
5684815
3057626
4187010
2095434
8966332
3379665
9495088
4108785
8209941
3131007
4736993
8464991
8504403
7897306
5274564
4129933
387101
2362159
2307880
9220644
8260103
9969394
5845763
6993371
5674944
1076513
6291031
1176530
9599561
9981874
594102
9082845
8298662
3443621
8658082
9122272
3292155
7854373
5250919
9952602
7285761
8040400
3189260
2807927
9902439
5050094
2822741
3184534
6596165
7870806
8409302
8172857
1732095
2521862
8765447
8439456
7576327
9568817
755436
4232157
8246377
8181714
8099487
1505286
3104553
683421
3809127
2960978
3831992
8665955
4586007
9907280
3893575
6738996
8025214
8834489
215813
6813965
5654158
1718802
8909417
2574888
6764077
4686364
7598702
2052093
785989
4691701
8717604
2417288
1051735
3975110
987076
2167497
269911
5181109
2539432
3405255
1690590
7947008
2018333
91077
8930426
6322149
6214684
6255157
7107317
373641
7245566
7472163
872906
9007375
9617639
8872091
3802067
6481219
8604598
1249810
6583693
4021142
4954874
7353268
1167479
4165138
348269
9245635
1553473
1376069
2848497
7032777
4511939
7328511
2675084
1183953
8734909
5183293
1997887
7986246
3471719
662262
5866158
5695437
9669251
360374
5825118
1471597
7239013
2931680
6584401
6783572
9400056
8490981
6571898
6929607
7932900
1801567
2268509
357769
8692349
559082
5175205
109978
7955320
4485395
7739167
6239470
3894976
241175
7500975
5682737
2797954
6346667
4405652
4125394
5246275
220565
1817082
2539627
1435962
713996
8270013
9048259
9078647
516097
8813612
9459310
5757340
7746062
2058128
359761
921593
6570073
3188094
8952381
331493
521242
9556373
856768
1695643
285793
4993664
1587109
3830182
566068
2867613
3085346
4283757
8727243
7972389
9796177
8057484
9491402
3705969
8590932
2181625
9109147
9340742
8472124
6150880
9284286
8025703
3802613
3746663
5163386
9569836
7539517
6356586
6663915
419657
5189141
8894719
1494691
5414084
2711375
8066391
2226980
2261736
1756707
7189761
963493
6430056
5301453
8817327
6340074
8733189
6499680
3493493
4055359
4182451
7514728
2696459
8912293
1414058
322422
795922
9448144
8689050
730812
8358870
8560512
4539457
6666064
910047
7951918
2001101
7261133
396854
8992629
6675511
1734383
2766370
9865200
1937798
4625643
4579721
103413
4211508
6657663
6153625
4445836
750076
6024284
3213755
9006507
2398401
2859518
9578488
8533357
9109017
332513
6994998
9194202
1801099
2881864
8969006
27275
6429463
6459152
5687836
2349442
8761380
8284687
9246693
7213399
751368
3208887
9526281
4735311
5221165
4356718
522377
1036079
3579408
1955811
7019227
9156236
2769724
653078
3803962
8010807
3381240
194871
7324591
1298392
8414690
6614140
1058562
4017983
895278
5799425
2242488
5346162
4971915
5223630
1170258
9203920
7586728
3852993
2934648
6814590
9856848
124442
331093
6141481
1732851
5821496
8401356
9154443
6950512
1949509
1285509
5650741
52
2931701
8843733
3593342
6655036
1913501
4108451
305377
4282677
5024683
1854637
8570505
9673208
4255869
8125349
9896494
3602105
1294816
144377
1725577
575581
3346811
9611405
3261337
373948
787940
9871709
6092400
7657447
8400273
3232777
9562727
9171128
310074
7989856
422099
6567999
8791776
1925018
4217283
8352135
6107269
5184879
7205198
6127763
4838905
874068
2840731
7803202
3769062
3779110
2449467
2635338
9061644
8031688
3126864
6509895
132509
6032951
5763373
1455416
2322983
3568271
3892248
9519149
9681586
3879428
6387690
9915901
9547865
5401466
9434430
7782875
6046349
745180
6587710
8980658
2689337
9710541
4576387
5283758
2777020
502928
2371055
5627489
379903
5444249
3894460
5408560
9413859
9059108
6267950
5370621
2094303
5128416
9713362
2414256
1548417
1573395
9795636
9541174
4455345
9884578
1269601
1749006
653317
1607676
8177574
1251652
6726370
3905400
5620999
9893711
5408782
4240358
4208920
7838710
2247368
5485457
6539825
2962554
87478
9653060
4484953
2030556
8182323
9158368
6045055
3025110
620348
5616033
4106555
471169
6529738
7457666
9524099
9440922
5349965
3137994
8380747
7525421
380129
6331119
4949224
8993887
8493661
700254
697426
7072918
7413050
881160
3618648
9443205
6998578
7166053
5425383
9980299
6792125
9948868
2547388
154253
8945472
6381195
8316492
8010216
3863039
681805
7737962
3738832
3248917
3234365
1775583
2663599
2058273
4359015
4853907
7065444
5197727
3182665
3748188
8874277
1749356
6280146
490982
7704948
7548372
8369837
209873
3531812
7294295
4151573
9037671
9740335
5822688
6145660
7087253
9819224
5033448
8469851
9551046
3443152
9511779
9643223
6341965
8415502
4666048
580157
7039770
6747065
332367
3697567
5825721
1757876
5469185
1958061
2358676
9334115
954729
6997140
3117335
4935715
6071529
5382408
5119742
8912909
3755873
5637869
7020134
6429252
626433
7849652
8524840
1474143
6225501
6879579
7877877
4915213
2433832
2443483
6055720
7743016
2223970
8951845
1176921
2131642
3628550
2745944
7295572
1616880
4086590
9625671
918812
2858212
9932026
1740713
7158773
9714291
2957805
5767678
4408631
2151542
7762973
2141935
950282
8174712
9619521
7588822
1342504
5084314
2443940
2595653
1754189
1661350
6555493
8024112
8354880
3277143
8852846
8327606
9342947
9029800
3672880
5493919
6526296
8289412
923566
8519354
9804877
1746836
7817672
7862328
4492818
8771566
4415517
6594359
2604039
5600038
5010099
1915473
1442253
862044
3971893
9251432
2826402
4096942
3749779
7431135
9249985
1700272
4855566
9317745
3580840
1363901
9074000
1539277
5031127
3659830
2309380
9631404
2187426
2104272
7678506
6950548
5092077
1964858
6087996
9272296
551204
2105582
1923183
9287801
3785858
8508129
7740848
9572184
4032204
9684437
8442442
1085465
3746532
9391497
7153177
4924424
2180783
5755464
5933339
2144971
6208306
2686055
8514235
3089850
8017870
9162408
9872677
8240894
4691780
1287620
6028095
253268
9791454
8154522
3802411
3106287
7231862
9135770
2359331
6984239
6910914
2778276
1172329
1366913
6836089
5711507
1255422
5741163
3566114
4684797
5791542
2926562
5970493
5836645
9655928
4646656
1230498
6070784
1241711
3555370
8959293
2572594
6772696
1861926
6635757
4303661
3614304
7143548
7063421
5506884
6339962
568366
7152723
9182371
3462248
5699921
5731951
4225578
9031650
7267761
1759142
1563687
3242849
6154448
5299014
8520844
6964391
1592028
9036473
913239
4813925
8507467
5758218
8594748
4396064
1945888
1057810
4721719
1789528
44847
1831451
564357
9657170
5726478
5930433
1777181
7378540
9402340
8313309
485422
8275285
8029106
7211183
2839563
6949777
1919802
7565916
5234110
7677198
4821003
1226587
4578362
8629772
9992831
212272
8162944
1665125
7946281
6973730
3783340
7377747
3736256
1932752
9427894
1496556
4947747
5673083
3243422
3907808
7301247
5094274
8812313
6349554
4786336
2895525
3838050
6262633
3777303
5388168
6397474
3141382
8877087
8639060
2298138
7828138
6906973
3937372
7104475
9459219
9327764
809622
2301315
4178170
790904
6561168
5097464
8334977
6481072
262046
3461745
9858458
7565623
1063774
5559480
2711099
8945740
2811373
8914497
3086712
4630816
9536195
2575477
2248138
2547356
7070743
6176740
7027552
8135930
7276189
2711819
7413338
7581954
3117147
6540784
5008268
8796893
5218752
4772469
1782639
9216690
9627819
4191692
4729417
4711834
9827386
7902675
4451759
9714215
5225987
9889602
1599975
3106840
4685790
2481821
2151200
8673037
5903123
2809228
554702
1888673
2035172
1547556
217622
1304652
3340387
7542699
3523505
6941463
9079403
9231262
3628502
2307545
1522857
7926816
7395781
987568
7700773
7470509
1558604
580642
2057706
9512297
6471596
810160
469652
408688
198026
2791080
2546742
1729533
2807408
1451026
1715800
2314966
711496
6331143
9674249
8858824
5526838
5546354
4377039
8600277
8290964
475830
2406499
1456189
4422387
7712798
7351449
3630643
3656057
2171588
3371354
8346231
9990470
4659653
5954650
3000140
4762140
2373951
414743
4982848
3228944
4165553
2544694
7928431
8872193
5285855
8653990
3955268
3224740
9751990
1109392
2145484
2249449
560268
1828249
6938483
8311494
7966745
8967076
3823330
2999013
7240472
6364352
9888375
4339904
7386427
8948667
8399068
8767882
5919470
6034457
430864
6188529
4861330
2062888
5415906
48640
4469778
6179619
5726936
6655630
4620579
7250583
3383071
8556005
650332
7114732
2886053
8944940
4189192
4663499
8183632
8242573
4167274
154798
6314519
4198219
7841932
8407914
8553500
4786544
5423979
9171096
5787377
1577049
4556285
1009469
9364715
7094142
6189727
727842
8520557
1787667
1641329
2195557
6584217
2485175
3898949
460524
6347871
6450348
6326068
192967
3840957
1593559
2233633
6804063
8498006
385026
6343564
287148
9903146
3464986
8644215
1637207
9686824
1785795
525148
4880955
965363
7535792
5580276
4594213
2776054
6144774
7215995
3163288
3802601
4499225
2174854
4641814
5597321
9459157
5043320
6009988
6068355
2640414
8441760
4948638
1963275
415007
4505824
8822823
5313006
1864024
6633124
2379464
7230966
309473
7878296
8622841
1099734
1592481
1634178
9383758
9193182
3536417
2635085
4420668
1044929
3036909
2858554
9814168
6779314
1622338
5889409
3515711
6069525
5230559
228643
4016478
4617815
6445981
8374071
1174592
5745821
8099205
3284435
2111090
1224728
7316265
8074270
5195556
6415301
9813243
7460148
8638858
3419013
584786
4328755
5208990
236519
2938291
3945965
8263426
8140768
8022354
2700943
9437369
1488041
2476798
3497090
6450149
5257468
7362445
9015364
294902
7906816
471639
3218593
1179801
4488987
253890
3489048
9716286
661458
2808589
8281374
4947150
6242891
4896602
1442643
4897430
3778776
8216605
7476347
5512823
8560830
2480519
2157240
4474269
7358980
1141479
7311700
9125827
6679142
8423946
6605268
9638097
8947471
4671830
8226837
6079586
2862266
9728044
253482
2997556
3520475
7690134
8529079
956774
2422698
9137929
160994
2240456
9262003
4030762
8439466
9986044
3605490
493974
330802
3334280
4791315
3942679
9506683
5941282
5342398
1338929
1630773
4856290
5322809
2012077
7250790
5486256
8805239
4136962
8115971
3148690
676381
6388329
8558876
9161922
5115259
7063007
2207511
106843
9180911
5996707
6887333
2614454
7506088
4391100
9233879
5695162
732278
4768076
1111053
4263388
3083537
4140746
3754369
1514554
7053092
8137858
7148036
4059518
8174767
7004203
8822546
7663941
4161847
3508137
6138075
2537962
6632106
1720839
5190742
7225780
7459256
7979707
3843136
9518415
5850474
1051080
4216195
8331834
2741508
3501987
2797635
2121470
3798798
7087037
6732990
5988052
8764051
6821653
4891071
6466407
4560969
1231779
8703193
9192801
1032855
9951675
8727120
7813278
8391032
582257
1424930
5260517
1478159
6265446
7096057
4885989
4701066
151976
7557890
7327503
7310580
1037570
8652486
6219875
6402932
8438885
5726998
9259749
1861990
2884278
1989777
5499937
7032176
4264264
3164351
425336
6544900
1202911
9455754
8898744
2520341
6479628
4954706
6996878
5812396
4850143
4386154
4162343
8953132
6447839
388048
4266603
7211607
5192094
4408772
6819731
356375
448595
4896630
4186767
4555431
880407
5366942
8611129
7073825
6284928
9673942
7135305
3433526
5160400
5609671
161641
527334
8575261
9375765
4865354
9988913
7246032
7317426
8255221
6569730
3312710
290195
4398117
1634799
2299055
1528481
8994550
7835967
5450792
6241686
6342273
7525505
5066454
2853337
9900230
7866559
4351806
4505687
1709688
495552
6819839
2234738
2873831
1549741
4595975
298051
9523520
6758376
4266727
2468371
3174055
5006131
671888
3069341
1013476
3832417
5033104
8491996
4237573
5405256
211781
5952097
8523220
8344311
3492220
4577834
9596106
2163805
6441546
2428984
5000618
6002687
1087256
4164038
2893384
7161204
1580921
9619260
855113
1613139
1551397
7546369
8982348
7044498
6708519
7737671
4531471
1662029
3112637
6171761
6483364
3661781
8010258
1141836
9139861
8030829
9073280
7824839
9966295
1111038
9405209
4454078
3573454
4748812
7505236
6892751
4615234
9590968
2849579
680856
8356007
3706417
4058910
939458
9674751
2565343
6304673
9748141
429522
6346028
1573782
1337054
2057158
2493055
787350
2330774
1077850
1035928
1832109
386157
3815996
9923888
4449366
225210
5442218
6315750
7559614
730918
6521113
4338513
8317652
5056917
9863609
5507262
24553
5731760
848379
4035912
9517445
9244931
1321534
7117458
4536113
8407869
3438076
491121
902213
5118956
3856845
4118964
4840708
1560859
6157498
9959238
3489517
5050711
530400
7784548
3998498
5895685
1872316
124003
4231900
6000618
5318778
1667330
1690374
4963937
4706258
7300416
8726004
277381
8335436
5536377
5955486
3152478
801153
3657318
3005963
2593668
196437
3574738
1147963
2741780
6102208
395926
5325706
6707276
9509353
8878632
2875296
9217780
8216567
4259743
309298
2308197
9746752
8119144
3252723
9303714
4085664
5544473
6866964
781174
7680220
1930028
4618337
4067137
8068763
1127534
5384896
7552522
5432896
2365864
3856570
9641285
3067307
6028336
9796141
5924333
2628051
2954339
6841925
436313
7775459
403849
85702
7840639
3422931
9317010
3697550
3923718
3155889
8127722
5695800
444615
7417622
7890193
6154179
2680811
997327
5850496
1635649
1535128
722269
6980217
762806
2692742
8522906
4121017
8623605
2976248
255187
4754054
2006977
4903063
4754976
2470681
1350365
6310081
3220404
2870385
3969685
3846900
7932299
4729389
6527375
8249737
1325524
781056
2694932
5750007
5963228
5268253
159331
4390348
7621141
3800013
8443297
5785133
7945395
4558340
9098899
3531669
7264997
2667395
1286249
644264
2635555
7904344
6703164
9940544
8762408
576885
8810705
9525552
8591699
1492414
4041833
4219089
2038516
743295
9551019
7726902
5930216
2166285
4929039
2025608
3690419
9489411
2873183
2113074
3478885
421238
9589999
2607973
4547317
4266589
2456695
6928104
97707
976643
1603427
5528768
8665788
2930647
1078059
3405472
5669517
3701676
9520724
1250536
2321768
9135619
9139955
5372402
643138
6729783
6033342
7424742
5252305
961189
9586265
3556975
3085063
8878142
9150975
3462837
6287038
7674018
9219973
8919777
7979763
3370469
8960227
5015388
9402273
8842300
2025952
3506780
426905
2171325
5742713
5724686
7735826
1645219
6716745
860344
3526964
2791644
435716
2918161
2251711
9031126
5648077
4880128
9092590
1680425
8220294
1869841
7865872
1543869
7859581
8922730
3087616
3680103
7326833
8708064
5782121
5103081
2493145
4545934
5510807
7995142
8363907
8397432
6433779
6645639
1244011
2920580
4180082
1936133
2337299
5516512
7908195
2524936
6961127
3518044
2147404
3037213
1273255
9724632
4669481
4279011
1510422
4495821
3214418
8174815
9061191
2057079
8605187
4877166
588014
3168746
4809201
8135152
4584071
3372161
2050138
9513298
8202330
138272
5323105
2592256
7670043
2251975
4976915
2221454
1211725
816159
9229683
8066652
6768839
2633625
6407956
9953813
8716877
1991843
8948447
2755335
4633808
7410660
3064339
5132154
9544193
860415
4704850
1307545
8988461
3691599
6023766
5209147
8753010
5403771
3351166
744831
4051642
5565345
6974858
3141611
9317968
7611741
2270295
8404578
4088876
1558352
8731497
5681997
4107586
2612632
4106902
3502488
4558569
6334521
7042313
9337463
7278934
1364883
288223
5421303
5874834
5145115
2163270
868717
2835929
9827913
1554945
7879778
5420452
6589155
9007981
3178570
3357299
5727358
5523408
5227534
1543724
5060129
9132323
8320124
6479450
83392
1122562
2117250
1089343
3531896
6055083
3262041
1524946
9653586
7339898
2340455
1206486
4145584
3947915
9009873
9929031
3420405
9208096
1205165
7093307
7357755
3270049
4932624
3649071
4832323
5911829
1993188
931650
7793310
9933141
4946697
6996174
2716136
402866
7044401
6781156
5256049
1260897
9935853
8389474
3507962
2992907
7609119
6454633
4593735
6690840
668530
5166430
7975005
6130273
6699377
1313280
7473140
1121213
4351388
8502538
8270566
3729286
7073674
6099263
1580217
751378
644641
5195547
8920784
3047855
3372302
6445235
101026
9876454
3254099
2666661
8453131
2110662
9367411
1273382
6192591
7485088
7928225
6635437
3059732
1139102
9768823
3979640
9674069
2879918
369480
9535510
8599636
8031000
4538713
368749
958000
5742783
4754952
4083017
892919
4822271
5974495
3703637
402833
2522378
3388246
8724834
1364576
5701785
58834
6501388
4512345
7141598
9120911
6686932
5038984
168262
602427
1967934
3304603
3354805
4144408
4498226
5464805
9546631
1573895
8847289
3802199
8056421
1074826
1947558
794890
2184275
9886938
1188235
4509286
1757967
2245887
5737508
6932452
3910405
2271861
263747
1674783
2226762
6498208
7154126
6713232
180057
619476
4682635
4380137
9296314
2197368
7989722
8154727
8880855
9303690
6892628
7088097
1574603
8138632
416079
1050996
2912773
1817085
9139673
5375296
2183583
5977887
8566566
7272787
5403357
475943
7992348
476398
2959750
9384906
5269491
708359
4260976
5480804
4997217
4934223
9189813
2018932
8258841
9987951
9470260
6441175
3955629
1716671
7791467
6013681
232772
1094233
9637673
5350458
2377713
3518255
2860900
8244140
9687204
7904900
4784445
598821
9140912
5321109
7899800
6744365
9110879
7495038
9833618
1547146
5603221
4356837
9519161
441172
9259361
1954776
5464308
72656
5730101
5668852
9229006
6387244
5387857
8816190
2274103
2285360
4415573
7261172
3350209
3162685
7268223
3850881
37772
1914703
8442632
701643
6881881
3412022
3503389
1401806
6657212
9640916
6695840
9992593
5454600
2786043
4521721
1867059
2301705
7266525
8357439
6364165
2626855
2902752
2179234
2302292
4243847
9083293
1722858
5896382
9139550
7145429
8003481
731176
8929585
6359729
8918705
3549920
297937
6992967
596070
5173814
1934452
1183375
2972856
4375560
9987899
7006582
5524902
4928940
7369061
5720349
7885856
7362593
8362975
2069262
1300695
7381981
5295086
9817759
4907670
2997008
318731
9098206
6239744
1236725
1257450
7070722
3108756
2577066
6371967
3822791
50890
3547462
9803319
614338
7862720
7126580
9494531
4955710
3172760
722034
2398667
5682970
5508897
7032988
1433705
8461907
6123012
2293258
1625844
3213255
473650
3176001
5567618
3258818
3524146
8239166
6430772
6380180
414289
8094502
2660560
6797223
5818788
5226172
8144775
4189252
6290600
1769936
5755140
7022905
2991955
6322470
6546720
5964761
2082458
2119167
6695935
193120
7561945
2234366
4486739
1697915
4650499
8858069
6900282
815249
3368360
8436330
155011
3148936
2441651
6291232
3005510
1263641
4104590
6467809
4183681
2127696
3959356
5000497
6097260
7804305
9172681
4709185
7084963
2553970
6643250
207606
6178090
8673840
3921654
5120845
2248399
8136763
4845590
1779301
1082575
2227484
5854731
931706
894679
9083136
3739096
3157038
4951461
9723515
4630180
6438144
8622742
6480483
7569506
36249
3482595
5482076
4943956
7752034
6173890
9148905
6375901
1418739
8053311
7669613
5240906
8764204
4747347
4112157
8312845
5767929
5014792
8788480
1555255
7428719
2809645
1430694
7930994
3682879
2520078
283185
652663
2509819
1585528
2903065
2691322
7218203
4945011
3708189
1294535
5850467
3617412
2138957
9136623
6420392
8655321
3123038
8313258
7427409
6209447
2208192
4166989
3366233
2510614
5813288
4330782
6945183
8802667
6803506
9373263
5608667
9598825
2595202
6702602
7679219
7658094
2294615
3291021
2784196
1315838
8376234
1495318
8619899
3095441
2483900
175950
26589
6207830
3324522
8740138
8531293
4920777
8430279
3467610
1845409
8976467
9352450
3578471
4523405
8517833
7090017
3345886
8692108
2990958
8540871
5564598
6642427
625651
9344188
4492706
7237971
2431382
6391998
3631986
2669309
8982837
1269818
7605261
6065663
2382271
4943601
9271387
5161111
4545228
6434419
3036015
4597070
5932403
3003589
1632636
1541016
1795627
7720018
7103945
4564479
5056175
6788132
5442926
7561975
2711726
4987913
938669
4317113
7837755
4535866
3762775
9054801
8796034
6707692
8411703
4686170
1287144
3045752
3153996
8479418
5530041
471226
6491985
2190392
2879892
4256847
6829048
8881111
3224459
6140964
1618264
9177302
5380417
8093383
3256040
4850147
6488051
1769766
4600355
7419012
606837
1179380
4098088
4163043
4281615
6942882
756840
3310863
9302242
7246907
1742886
1493357
6124475
249213
2209369
5590284
3209421
9543620
9013675
456261
6698618
2841355
7105037
311299
8785167
2676256
8592680
1183668
9256910
169239
5317737
1448503
9835868
7570766
1471308
482149
1756816
256096
9001048
631385
5244704
1403641
3415042
7953841
960073
8479060
4410608
8398946
3226387
6473790
9344309
8009627
9328483
2811930
403176
2082800
4397527
9515771
585554
1834188
6813138
8012475
8184299
4497619
6259815
3124242
9426230
7322160
1588067
388160
9168966
3424136
3540336
8106071
4321334
4792554
9699422
477261
8291026
1587508
6384272
4205556
8387613
677726
6322035
6150354
795358
5778611
2092925
7518384
9409561
2414239
8423860
1634612
7625689
3703905
7328901
2760858
5793261
3301823
4386318
9922066
6112878
2716679
2493327
2375214
7485431
6666567
8703908
6212927
8507787
5092419
1703620
8127459
6288945
1084679
6351806
2622467
5205891
5442762
6003669
2153663
1522645
9402559
5754051
6982786
4422075
5848419
3765488
4354958
5270392
4326079
521098
7050048
6303344
1073404
6703708
4931096
7522702
9819818
5898968
6059588
2973065
3664752
3643778
4444727
7948062
6196360
542664
8622580
3877709
9771527
5578951
7429437
9154859
1116037
9489684
5494419
806315
6008461
6981450
5542789
6164708
715839
9821211
6766246
6752372
6923818
3187615
7054594
8453557
6798586
8233837
1879320
8240170
3158661
2166402
565866
4954264
1492577
6903850
5299728
5172192
6337215
7787951
3490859
763413
895004
5629851
2873048
9482441
8765872
7991977
4182890
2553331
5145279
1138129
1947317
3303260
9481591
8653779
8788748
574076
8008179
1656361
5340252
1668326
7862091
912783
6490270
8636981
8196479
4027277
8754987
4473843
9302958
3630726
2201478
3998679
3120917
9009799
4199966
1231503
4760762
5852048
2851051
7512676
6843385
2703558
8980307
8148913
4120984
6532683
9709511
5580272
7886367
2477991
5983845
4089065
4943840
4952039
5016814
8923934
1593749
519003
3807919
9159932
1449039
6797569
8634340
4698002
6105925
3749247
3171837
2232647
2046301
2248196
5260129
7426951
5772208
485727
8029871
4107489
716607
2408662
5765373
1702806
7260275
3949289
6719763
3555438
8351019
9549745
4587728
4761912
2435303
4966976
3298236
8847751
6540030
1518505
9702180
1900530
2778657
7347763
3147760
8187904
6565462
4003849
2927939
3638764
2344635
6357413
6146413
9819497
8030350
1467572
1588995
8609376
2688077
8597251
198282
7491738
1792210
4407252
8939892
1180825
1003425
48859
2682122
8466578
9479964
9766817
1607901
7142446
35570
9899721
2420556
6539789
9826059
6074170
5551821
6555523
2801622
4143974
4632217
9502982
1713085
8338861
7569064
7069176
3209325
5500659
7774268
8265183
6654818
877168
6175450
6464457
4189418
4387551
2674235
1981085
9121526
4902755
4130610
9851149
4414910
9583294
2726293
5552544
8498886
8779140
1217183
9388274
2341721
1897266
9003595
340261
3810090
5357524
4474481
2602713
664685
7494975
5513408
6924623
5382653
4656277
6694609
1973806
4578712
219737
8152777
4019542
968059
4843574
4026280
1164931
8726888
2204545
1845081
2400358
7086326
2568060
3857799
2383739
6905053
4369151
8126461
5526777
4682088
1865291
8129225
2849528
1651119
1179355
1365585
1889859
198347
389132
3955553
5605945
2450811
8589030
8898359
4017152
1047719
4846419
757139
8724964
1236004
9197471
862533
9439707
1254872
3583360
3039944
8489727
2913197
9987442
4132294
380710
4386144
1063101
7369176
8221010
5563011
86387
4044910
9393651
9849559
4056866
8595517
864569
3075372
8109586
4836610
4765600
1770656
4162273
7407046
5908959
457363
7646091
9227106
2744187
8574099
5705704
2122121
9257451
1609023
4959622
9663887
7457764
8559958
4654217
7992700
3570666
8176265
1448342
9349853
5160753
3983150
6076480
7004867
4444716
1960743
5891948
1353528
5647352
5469020
1198810
3755619
7160914
6910625
7832843
2570328
4444914
3047703
5645341
8805183
7618104
5536235
6720618
4011701
4011082
6503956
8724038
1237482
7398438
7967457
3609579
313344
8663299
6693591
5408366
2243219
3005574
7541470
5873671
1003356
4796176
8779903
2240368
9909440
4221316
8200721
3415372
7735922
6230790
397626
6842349
1081992
8564658
7600370
9073033
4066090
752091
4708416
713856
6788891
5416743
482798
7678896
836353
6714273
5268471
5699212
1509552
1533601
3943464
2313087
5044710
7949641
4913956
2724495
1197363
156121
732526
3659957
627953
1918232
8114691
4902537
9946632
6294239
5057964
7849136
6881056
7072360
7261759
8879320
4261766
8111006
2387735
5465308
87917
6885794
2481364
7414441
3430254
1199756
1952061
1151201
2323560
5427247
4636716
4247409
5712672
2251209
3758414
9651590
3070010
6427260
5631401
3947730
5616090
8421761
2096114
2168360
1129865
8923883
315250
3005800
4179891
4155792
7078929
8329665
1250472
7151769
330028
1944955
7850180
2570163
71868
3686655
7564474
8015957
3040522
9616768
3660124
8586135
784681
9940786
6844552
1847098
9679648
8102855
3695192
2892308
266060
369909
622009
1096589
7736833
7313352
6112270
5466774
7106505
1247732
9420452
8076862
6381439
916863
7191616
3888197
9301323
572907
5428637
2422317
9685805
8589182
1700090
7930204
6889068
2987135
9982219
8418792
7619041
4104423
9148105
6927440
3492770
4072600
375907
184944
8408698
5733994
3142776
3850417
6150123
1494964
9639192
3894493
717363
5571358
7184724
7785272
928899
6680681
5157181
9247862
7615757
552918
1866532
202683
425485
139367
8110724
7663320
5504498
2951746
9366187
6008624
522381
6286602
2616234
9346916
2382603
8000532
1780379
2681868
8652314
2375539
5805467
4662660
9030742
8719485
48829
1057192
5589511
4535117
2076804
1780894
4374253
1970394
1930757
9197693
2707069
605930
4890916
2905825
3270612
7578711
5057195
1819286
3498733
7901865
477150
4666541
7693059
3304374
4847814
9408482
7301247
4342185
3551447
2968853
5099398
7141554
116386
1201508
4684989
9936931
3274434
2383561
2030836
4230944
5409048
6326345
4675419
6267239
9613793
2709641
4298048
6198342
2493368
7052039
1719214
9574346
1727370
782731
1938708
7476566
6709959
4384811
9496296
1429722
1339145
7696501
622269
1548303
7325101
7929765
9479326
6089450
6405291
3396533
1144060
2516163
6261542
9578193
8288388
8631693
1600819
888668
3895130
6086638
1172845
3283362
5736027
9183378
2711636
1850076
1760191
6968559
6711082
4983186
2802764
1518942
9907164
5411235
5597024
2732642
3050870
8205309
3574792
6497988
8036324
6214553
571226
1020584
3931817
1561575
4866423
3647157
201847
1816274
6014458
3561169
7011290
5020286
523295
4908921
4831731
6508969
2272751
4963949
3777433
8050707
882399
54141
7647918
7845002
2125040
6433306
6026603
2300632
9418244
8925827
2399234
6396237
4044856
2106637
2839116
8449437
7741761
7040776
5453924
4369872
570323
8700604
6461547
9264056
2082324
7282255
5233677
2475926
2706157
5239470
3202500
7574133
870935
8763414
4669801
5460547
6675554
4779450
4736743
975580
6862683
5574755
7483143
8272777
8650858
9351374
1461548
4826359
8351258
1840848
617302
4242881
3043593
9983028
4873139
3278138
3596260
5481497
9362205
7893418
7074685
2050248
796909
9409551
745802
1080215
860107
1434575
6086281
1596103
7939352
8278344
5208852
8758244
513704
7896940
9804260
233439
6248558
3714974
4100335
5967049
1567504
1956684
3103973
9186090
5757102
8219567
4907580
6888720
9373620
4438656
1704138
8577418
6486097
3689000
1325344
7836021
1718726
1482075
3573007
8746809
9150657
8921057
5895474
3246694
4052809
8298052
1336737
8436262
1731112
9513816
3757456
629629
3074537
6070561
8041488
9075651
7824568
3231
9460006
6502116
3043250
6820918
1340865
1924284
714157
1358647
4424495
781852
4592152
8262758
5552802
5520900
3302904
9008164
2185458
1177986
3425410
5889920
8345912
6245794
7518910
6490504
4821250
631197
3236094
998071
9669508
9886581
4334737
4054028
9903766
5496454
3857215
2302891
1871703
2737866
6392505
3028981
8323138
4001868
2909198
6494026
5390282
6525311
2241817
639629
1857431
277776
2172282
9573915
8977170
8898118
449164
8866856
8639987
7640843
4786846
3346625
8490805
2866926
3790225
8965143
7193647
1583951
2253313
8209744
5485238
142536
229825
6673236
5963187
6064510
6623803
6231572
8786003
7954106
5797465
1556819
1269366
4163930
3462926
987503
1722921
9452013
9239273
1508060
5143521
6104667
3484172
5945564
6232702
7779488
9604482
2760934
3930119
9671660
5661786
1497742
5480026
3719571
1529077
2929147
9639324
6105760
5952485
6941698
8923050
3844521
323036
7940043
2442421
2520294
8373932
99988
869151
9250093
246435
3511395
9792734
9758812
3387480
4620626
21652
536259
4555647
5761244
9282190
1316583
4583284
9361630
9784433
9225556
398411
4075396
8067564
5722979
297329
3966307
2741042
9994960
1977440
4439638
8724293
2493715
4511820
1321881
2841548
661412
3906781
4338718
8018063
9062265
946866
4610759
1466607
4252702
7899722
1978291
4876767
497470
2163648
669761
1384374
8787021
5279031
2854412
6985275
9584306
933792
7760107
9305000
4755482
7136037
4945747
3940554
354459
3311176
6816661
2512080
7851744
5362319
7051781
6625401
1839243
6693863
6494023
8219860
9932605
7854719
496417
1629514
9705042
9255832
8623092
5887426
1901883
757079
2201175
8751568
4901253
5381923
8213412
6804655
59607
1171125
1868027
2160025
3248734
3570282
3091934
5817295
6968983
1548458
6822249
3667081
8513458
3688787
3962421
3649250
2374028
9207462
7395799
6979674
9359277
3868562
6811417
2201324
9551107
6304320
4477663
2192051
5864639
4589545
9266954
1399973
1660197
7418680
2511530
1665589
2933475
7054860
14531
7492352
3226815
6740798
3886101
5421387
3369896
8260879
9736249
8968372
1346820
8869366
6438074
3183259
6062962
8456780
9048799
7350730
3026600
2141785
9637980
7762556
8520131
1553303
4829808
7062520
242857
7874410
4103592
3675241
1576568
9658602
4024875
643819
7790071
9766825
1656545
2270507
271557
7104318
2628120
5012889
4456387
8266974
7250031
7328494
9103395
6773727
5580334
5976084
2913582
5599505
69087
4795199
227201
7152830
7778024
969571
3072155
4920850
9775866
5229855
8788072
9064806
2201228
7066773
1022449
2413412
5988262
9033727
4008770
8153770
7873093
5978916
1120161
6469862
3410442
4610981
9938803
2746580
8532530
2203833
8418373
217548
2895922
902343
573019
9824386
5441928
1140324
3492821
9479004
9646810
2089680
8333990
2172321
3848186
5443211
736864
5031408
1922058
7241891
1629415
205971
5879154
1701304
2665271
2913448
6764815
8982655
4988769
6854135
7479287
6696122
8938799
6015775
2806166
5019924
793006
8067882
4961695
2401591
3061214
1888493
4585843
2025572
3501615
8058122
8367717
4914385
4834239
2976881
1133254
3226012
7444947
1237047
4202063
6457250
4206843
3323942
2990973
6833556
1566515
9988644
8160670
2626001
4941518
1956577
744469
6203931
8146639
3035914
653061
8520190
9967184
3734068
966545
4179837
6426163
6185712
4548244
4687931
8183155
4024101
6538149
1057821
2051812
680931
833397
8955910
4442780
5595195
8301691
1375659
8065394
1194401
7080714
1520870
9614180
691241
7649603
2910962
4322035
8763583
1664167
7684299
4595187
2345172
844234
681478
1100534
6243130
1422916
143967
2548731
7752828
3896048
396262
3899336
5172451
7675066
5461571
1137009
3232434
1919776
606034
2410095
6290240
9750058
1158467
4540184
9476596
3538731
3291346
7597024
9268359
2554216
6200739
6286512
2263557
5250599
8655832
3640371
9693656
2893041
2637512
5015490
3073296
1377576
771517
4544217
7402050
271337
7552417
754413
1285830
8891080
6934806
8416881
7543236
6373675
5839435
5550382
6472675
6157142
4850997
6343193
5261923
8076750
9200284
1388372
8401303
3057384
1697581
530893
7038366
2729790
2471874
9697253
5506724
5621594
5467202
9163473
3819142
6563328
4231814
8692306
2842541
8539137
3776416
637511
7699225
8698103
6927884
3141455
9778218
5940875
4425259
2239048
5895564
9997411
4917054
6402103
4373871
1744657
1693259
229671
4460865
9555174
1529881
1930462
8615097
394821
5439450
2312065
2687091
5022393
3845901
815085
1218756
9713513
3733371
7346666
1454594
1270740
3577495
2095393
8233517
299989
4130095
2955156
5904266
3435208
4844656
8426193
2572869
1917721
2366433
7379067
5137502
4473732
455630
3912661
3342271
9268370
4488762
777728
2740807
6893388
3985767
36868
7565111
9309055
4449421
6927187
2515153
432175
5860759
7789905
3759857
3881401
3698290
615033
5507452
9137430
1530274
3225578
3598756
414014
9330965
4722772
7842383
3487516
584155
3382566
8113260
9251556
1236926
5679994
4979606
1117245
6573213
549833
3127558
4135487
424137
7963205
6061703
4062159
9920817
5640
4097492
837801
5315591
7253750
3180617
9939146
8927752
3121328
9895575
9265995
9804028
3154598
9549498
4516170
1478690
425159
4610539
6894019
8845074
5467556
4783780
5733045
3529477
6006533
1989112
3298669
893362
5562934
4913157
7833644
5556491
6329114
1360179
5498682
6056262
5017947
2511479
2025763
445884
3175007
5754491
7250454
2526426
8880232
8941278
7238210
8407192
6324781
4566751
1077789
3292416
7333657
740662
6014751
1169795
4155282
9361477
3023210
1072143
2169457
993430
2559304
1057029
4482472
8742268
5251929
6806318
2151204
4817384
554871
8728568
4461020
4946942
1914183
2600184
9757373
3782127
4867515
8038196
8320956
97272
9769662
6162348
1738857
4914803
1085780
9443861
991092
1308276
4093579
8395002
7662430
7822721
7243894
20858
7102426
9121406
242595
480846
4735815
8538910
530060
4723762
2239036
9212400
3155160
4297130
5371024
1372827
8276223
3509835
5456570
1479837
1327557
1568951
3067870
6580774
1771756
1019967
4607203
2316545
2218624
4149961
3122190
6677990
5914269
7887356
1103423
4314543
9822764
7556492
4671783
3626679
4430909
2249731
8688710
8574414
2768652
2833961
4247678
7142725
8519912
5813218
9949063
4165495
6070455
9994613
5735842
1228932
9930348
9616674
6574040
3163678
2671979
1315391
276116
8823732
9832880
2374274
4247487
8507588
5698078
6055660
7704219
6449766
8465903
8328142
6198393
8151719
2167314
6671736
4819828
8077191
1545460
707458
7831948
5309031
1342183
1497446
7914125
3959677
2405478
1664714
7478012
4074275
7429262
8500920
9622853
428990
7274136
1000032
161603
3384778
8451243
7630950
2786549
1480179
3478832
905000
5156023
9277302
345724
9045831
3741555
281768
8197023
9302831
9081364
4639380
7346023
6555403
9632924
7731063
5354766
7476660
9035618
4420924
9962550
5847481
4389851
5176512
6893552
1409450
5441939
5326279
2540133
9251323
4564899
1831986
7545907
5943844
7478314
4118133
921351
4687711
7462937
7395342
6146801
554393
6073468
9848700
9762126
6720240
3751069
1674227
4166123
9963494
6325451
2986189
9236983
3780747
1796056
1934641
8581506
3878705
1893805
826172
5964793
9745011
5759830
2622027
834527
2614145
6998117
4648632
2018737
2526713
3101759
3191191
3192500
3531761
9074898
913966
8071229
506329
8176648
5538512
7403263
4665766
1558204
2157137
3452893
5607562
913145
5564721
3091125
3050303
4973416
291909
2913490
8799536
1885591
9693898
3836928
7324240
9230727
3376124
9527380
3370794
5844791
2723772
7120111
6850693
318074
5748720
8355089
5562613
2210013
7252334
732097
5641128
2011914
3847985
7728860
9834127
4721820
5185539
7187758
3112246
3132852
3989251
7068117
1168909
211352
5418867
3166664
6031595
8859106
9555963
5629537
6592810
1746250
5271043
9656646
3640319
5368833
9864977
2540870
8289882
817028
2779215
2994171
9015584
4379833
2585783
7645225
6642285
4865685
7895098
5910701
4476093
5569245
7075070
3899252
561844
2163128
8782057
7800474
1149322
4634070
7362878
8905376
9582750
9562823
2738912
5249375
9426197
4113559
9536779
3536495
3842213
1538861
2903049
9093768
2737395
1008023
8966884
7116903
79428
4619676
5377239
7590604
2474343
3988899
7357934
6855473
3045801
2025677
5658516
139931
931354
9880882
3881260
952644
9036500
7654242
3811695
6345924
6949728
1011295
4695039
1508046
6072501
3217720
6637638
2426047
3880581
2801631
9350299
5109080
5675973
1547960
9752776
405127
4796019
9149830
8916416
7639532
7000818
4236525
8637425
8911712
3875810
6631772
830103
154790
5438313
7966844
8900476
9344382
5349766
3393520
9177041
9558497
4297949
4992924
3100521
2773287
6003662
4622034
191336
8872780
3215620
6681578
7830463
8622373
3330328
6502462
5219747
8385663
4491211
685672
1341774
1540337
823781
3690650
6125582
2186265
1334218
3703505
8190623
7746367
5741973
344212
6205111
9241554
9474092
3336493
5144672
9924310
8979684
2268694
9869432
3222940
1630094
5398353
3843476
8078784
4494206
2486818
6428305
9141273
163259
2933903
7264037
1027989
4730125
545980
35605
2420337
7594138
9147078
4320183
3904100
9523741
5658151
7545814
7772247
232362
2099593
7628280
4609570
8008427
8047279
4823792
3187596
2755948
6539876
8970613
4688595
3236263
5824097
4819046
4861576
9528085
3381472
7020906
6000528
7143861
9601179
3274808
1526793
6606680
3433677
1500034
3317691
495172
3301440
9960832
8628693
21431
1843866
7414886
5738220
7037635
9438694
7852524
4178574
8158093
9693420
4375342
3183338
9126379
835817
9642258
2637554
2255025
4857133
738495
8125694
150982
5675410
7201772
6417460
2642047
4592501
7136356
2621790
5203843
5926656
1672460
4251309
4063034
3282915
3381360
4506639
7482117
9276021
2227955
4819833
8328797
6036789
5542635
5992217
1678405
1614956
1321328
195022
3085507
3306396
2911245
5816654
1171005
4263108
1174134
7363253
4307075
5767692
8856757
600113
8865561
5817480
4423370
8249920
3252250
424544
3230398
1075916
9433124
6093611
5260710
8822435
1482011
863581
7613868
4381386
2668076
7535120
7933728
3451916
8225725
5442007
4226057
6314957
4546105
4281637
3133283
2218928
9459220
961871
3672824
2041670
9291421
1615294
2191735
4140968
3807631
1278450
4143966
1675152
465146
2946838
8384393
9534774
5616912
5403064
4981789
3504855
2976796
9752230
9174424
2194010
6939509
6796970
2731543
8772072
6022756
3657457
2794891
4181893
782890
1654517
3257861
9701694
6430100
2928967
6174064
4131105
8052029
1595802
8049834
5888284
6132585
4550919
6037069
194216
5987068
2234800
7809264
455273
7608973
217573
2751204
3691056
8494935
8522854
5339446
7353441
3838443
1360543
7411835
447561
2625367
4013135
704393
1635341
6302554
8542147
8904039
505703
3737412
5063015
7504583
9490982
609607
203624
9743696
7843997
4880565
7682494
7642852
5288455
9823234
2128855
5776683
7036576
6607540
8056422
7446194
1903369
8300724
6560958
4571206
8891503
7070781
2025260
6048420
1010416
1109507
9125362
9004912
221857
3820867
3483290
5789967
2963605
4729067
4288441
6119370
9214744
7821309
4358840
771216
8319400
6431485
1817841
8320852
4892613
9219073
9978431
8730507
6678391
1107573
44863
4095452
3828898
4364112
8601364
4789763
9710653
1237871
2131030
7122822
3708801
6455937
7974116
2753482
2424348
2278647
8217364
6783267
8574683
6345520
2745321
3447847
5225874
3014458
5861795
5940449
3154073
4964797
1473027
7351430
9818713
2438162
3092218
4092493
8970626
7219044
4215035
5639748
9529977
3522412
7363448
7212853
921067
2488095
181514
3007827
8044173
9370761
453048
8830267
6095529
6141265
3314858
8908500
9979170
1154068
7119673
7497361
4270116
2524378
1174908
261469
9830401
5153622
814034
2504149
5298698
688072
9131553
7814217
2294724
2602062
1209807
9850426
5096199
9986539
6958452
5158320
2036782
1359312
5073725
6838205
3458528
2690776
6919778
7749314
6951791
3812443
2983107
5532786
4040233
5243890
7714363
5500296
1536421
1597375
5836952
5160179
5178057
2752458
3490102
2425579
6468799
2328406
5248412
2970222
4732057
6498057
2525620
1648549
3255918
7501719
3842295
556347
5609832
7395108
8393112
2966737
2293922
6999183
3975959
9919066
4526966
4614933
669182
8156988
2095204
1798996
1793289
1253574
2301596
2023806
9074969
4501907
2474046
5958717
1084932
6495975
2438695
1409012
5627664
468970
3748274
2360858
5781907
2432123
3887455
7648080
3925566
4150336
6434134
2223459
7548720
6359789
7382502
3140421
5005181
8733100
2163890
1635741
6125924
8870677
5007011
8477489
4600969
4039023
9146720
1740779
5511196
5958954
8313845
3819893
9970015
9236842
805993
314587
637247
7603519
2985154
8149167
9009824
3573134
4444719
8959610
4752444
4729024
9447609
6543433
4455407
3040366
3880546
7958608
7363146
4133071
6881703
7934831
2707509
9325666
9098674
4168716
3335309
821004
5936839
6312216
8727382
2386688
6458656
2485493
9707794
4873971
4094342
5848894
9247758
8992856
3466424
9657438
2913203
8606630
680897
4841864
6394171
8578251
4377231
1293998
887199
2698407
8998646
5368309
15328
3375658
4016604
7427763
6928997
4229065
9754670
2060134
4282300
8779946
4918560
4763848
7770876
139200
2779232
232307
1435418
6605890
2407782
8626679
7041130
4869665
4059879
6555334
1205704
3682896
5536275
6716603
1924192
5748805
5473991
1748252
9293386
3479628
3872768
4707856
6206921
2278583
1897147
8039108
8858570
3345180
9328925
5476193
2191042
1785187
3385918
2242263
5370639
9329395
5725307
5698389
7059790
5707648
1074823
2356073
26852
9948408
6275906
1415702
6190911
9541879
2503184
9668268
1916510
6034475
1449147
8791745
5323220
6596596
7529641
9641586
5303934
5031801
4221968
8193954
1436641
9761757
3204900
7088911
1783294
7377681
6519087
5152263
3414180
233774
1748645
7778096
6680641
9979061
2368575
8112689
4103
2901170
9590800
6549165
669762
7398188
479690
6774874
391426
3302747
7339367
7000650
3904813
8635942
997323
3786013
4184441
2472334
9207627
9600688
2373599
1174219
3545673
4147326
7087821
6521938
1066228
4705927
9387488
3565890
4540817
549846
9108859
1995289
3370199
5998255
4207720
7956574
5043011
4843602
1276031
9527202
4881078
5137031
7130016
7920763
1882753
6264933
9336747
1633137
8834475
2234569
7402306
9758451
9255327
6217151
4048069
6236202
4374402
2128643
1990232
2490365
1027165
5802359
7089402
3855101
9949960
4839755
2174728
8272489
8254724
7561708
2603689
5422124
3939632
8167650
8377973
784623
5381683
7407824
2726729
6178849
355359
173424
5849962
9588461
8982393
3400392
9960611
8126994
949828
6541208
3325413
5773842
8874672
8778862
9163989
7168417
2573515
1440176
6456528
2082045
5046458
3436617
9752084
4361806
3952064
2210662
769056
3539378
9094844
2390291
2263633
3491350
5511753
2659461
8123227
8279779
5308502
8001748
9772899
4731802
3088279
2027259
1147442
4752098
4972266
8965793
1318637
1902230
4011156
5279748
7384447
1349117
8261024
8745433
7629420
2917315
1452898
8685336
7856179
5895000
3797774
6546356
5505563
448178
7584627
6509135
5940342
1553542
8510277
7682269
6355000
5449127
5226190
3969386
8030751
440435
213838
8406432
3814773
4442936
6052622
2199715
2678702
2351556
7204187
1966566
608939
1882294
6451799
6170513
2927718
5129770
5679021
5824812
4016980
9453697
6534967
4420525
5859657
504661
7031216
5158753
1476617
2730261
3439827
6716637
3721674
9533103
6165046
3120192
6394094
5137610
1864894
196304
9812553
917912
3644112
189231
708606
2710031
80735
2449503
290320
5016535
4690424
635333
648173
2582077
4155355
4177591
5264822
3688925
8508678
979897
6406645
230053
730445
8062107
1091713
8430492
113653
9210720
5117372
515682
8206397
4374031
1030230
1566715
3317089
949407
548472
5659127
5581592
418195
8362636
3025944
7845121
2191932
9609995
7698025
2706188
8645407
2014707
1408475
7065631
7136778
586130
5216905
2902635
1337572
2163110
5683844
1015819
3027586
8824512
8529867
9427078
7529018
4437305
2711350
9133985
7635693
9466053
2822857
2216605
6537666
3925260
767696
9813357
1075061
4715944
1995145
8452219
6499385
2139405
2643933
1740183
9766091
4192709
1406329
7989500
9980494
7938253
1630411
9095535
1840256
5711656
9375126
3205767
3702893
8780641
102343
6490428
32162
6645455
9021076
3849215
9698308
7999763
1004130
161782
7413532
9288964
4476187
8644404
1122794
9669395
9207829
1722173
3097119
2789271
9339149
8387600
1188180
832496
5711746
701423
1576451
8150488
1668253
7287951
1179266
6346498
257627
3932365
1365369
4549010
1909802
8099858
7233209
5801019
4680701
7579735
595848
2321877
5308744
6953401
6903616
9060659
8971807
6406575
9738442
4723812
8301489
8110375
8714571
3188424
6918182
8477510
7284453
9650655
952091
8807749
8175698
5801060
6856989
7294994
5593495
2762903
2061004
879468
3059604
7603707
2872028
8163308
2940090
6419042
8565971
5969675
6241514
1689518
1247750
2096821
4569175
2493390
6203297
4705778
8552276
3422145
225479
9351017
1169141
192087
8134580
9866195
1164637
6967996
8452987
8958153
2117297
9972158
3562642
3777035
2383490
8673181
217280
8799647
4475916
981842
7502234
3662384
8686627
9140665
2620480
7801327
3219379
7725727
8231897
8886167
254859
4080547
1825218
6693117
1125699
7136468
1292797
8044255
1759876
4513366
2790693
4026345
724954
5851186
535564
9634817
5111475
9538313
3722367
619926
5881792
5894417
3622183
6273873
518006
1650851
241988
9178497
3652036
887672
4541628
8316784
8601864
2740467
6906196
4048944
8743950
8514505
5899222
1213477
7705589
1902594
4629336
6096083
3177067
7830764
2901115
6815169
3341726
1156296
1802467
9247312
9583769
8117278
6432228
9711639
8364743
9963866
1103949
9890802
2241823
2313079
7192659
4026613
2248325
2908172
5363201
811350
8120206
8025584
2628232
145233
8922934
1529674
6646221
569420
8062222
6299375
8067834
575807
8108634
750437
5781019
3788086
2743457
3496984
7366662
2478036
2983464
4869321
4932951
9284443
9494759
7619971
3889892
5846744
6848597
7941880
5366723
3536212
1469877
6662839
6093766
2999120
3548937
4542144
413266
1416958
9874912
515216
7991174
742161
7775286
6409200
4077801
8750215
2302141
8131255
7533966
3429696
3625375
8572293
385463
8313090
3941605
6858442
2796561
3420451
6932369
9293163
5417275
3604802
925442
7565476
6007502
3441297
8608639
8156590
8329534
7577219
9515506
4907125
474496
3099526
5934401
5561792
9279498
7814310
1664497
3325923
1338483
7958582
5812284
4061976
6245447
4527507
3598924
7513067
1014962
1932650
3421751
5893494
4782121
698792
5330684
4539443
1563057
9846324
9989403
3540117
1817094
1651426
1264807
9468805
3242457
5327187
7117767
1684886
200466
5421338
4313686
2259450
5413439
6499073
9138482
8449668
6794315
3377001
9804021
5668301
1355939
736791
1006916
1992313
9037742
3235336
4819315
4310409
223681
7895648
3276282
9947737
2308245
1857110
5076293
9228959
9241921
6679047
2067460
2401315
1097430
9848681
7342432
4077438
4777686
4361613
1020277
9548272
9345333
4012158
6878959
7176151
31437
4482397
6756987
4225820
7782674
1673071
2055648
1937715
9274784
8634038
7631979
2784342
4776642
9253948
8995651
2561069
2848245
9478210
7345690
2355210
1202936
1254480
9993789
7980142
1418801
8852447
5367092
9789096
44456
4977787
4992335
1000215
2315817
9625293
7505681
8149180
8353143
2869954
6287619
17527
977985
4690819
3928885
1380420
5170356
7613351
9213270
8132647
7581561
8471376
7420828
745447
1197414
3029592
9485406
2388276
7612806
9239739
2550353
1131797
6270395
5031674
3175212
9845869
4765294
248246
8800120
2878271
9302769
4386357
5668235
1609584
8997445
9474441
8977541
174020
9701146
4052065
7915022
1276059
5481504
9045740
9573978
5427708
8733746
3229034
9885191
2481795
3536974
6603342
9520096
507557
4554304
2869842
8571865
7791037
6586405
7980664
5794826
4093805
1849866
59807
8680487
3381154
9966902
3201083
450289
2376744
9344100
8292104
8479345
2123224
1821319
1246161
3831929
1876886
6645224
883003
5932654
6320597
562578
9674556
1872268
4996132
4855482
959936
7072135
6270733
863619
9777274
6513816
9958667
335848
2699771
3499161
5532901
8564574
2711174
4705113
9297638
6925516
4724340
151423
2181968
2583332
9222602
3425303
6230202
1865416
8168800
5144903
2688736
6357789
58800
8885847
8978434
3487049
143626
5629265
7113259
5833281
8586932
8142375
1392853
2778696
6799109
389175
7212383
7821786
117541
3913339
1763111
3761201
4948384
2158483
8635844
9602870
6476245
8524821
1213605
5273734
961846
7224548
5422828
2274269
5864253
2161171
8799239
2711386
7464216
382002
4355778
3078138
2951388
2945489
6696072
8153058
8548373
7999263
328818
6179301
2568394
646353
7202333
4847788
5288781
6828326
9760524
5272312
9609105
6884889
9911462
8355681
3729487
4480338
2092903
2802190
851081
453744
2298952
6035612
5408294
3720520
4860197
6432710
9302635
8252482
6173622
8068814
2361288
678718
1061184
8195473
5480837
5824563
7811398
818495
4195863
9483051
3362321
5234129
9376905
7893004
825009
2123212
4353643
3390903
6213975
8500112
6878273
7279155
9301836
1580163
1573569
384994
6589850
6737863
3179656
5231277
4118104
4185439
9073476
3311251
176655
2790579
463899
6401348
245075
422042
687616
8541480
5919784
4688422
5438796
6137918
4770599
7933237
8614117
7472335
6871444
5519344
813829
8146911
7039062
8674355
1076007
6410145
1667036
9324703
9386986
2587335
1864132
8190397
3482407
1422598
8751832
409922
4279397
6917083
9857733
1550221
1348885
9353098
3934621
5616108
8405898
6750867
7224170
1186195
9133019
7815937
8848481
9262451
8472259
1491715
8429958
5199957
8794209
9845588
1860146
299739
2486423
6533562
9290296
5686338
3193447
4803047
5262823
3276872
4863846
7378853
394008
1108780
4850311
5499997
9262743
3046650
2101452
4509868
1791819
4847077
3316748
9028737
6870410
2582169
6490674
5905752
2833487
8103748
7066873
5344458
9369409
9817721
317139
8430399
4424433
5567102
4981426
6554343
1385401
4907111
3061085
9677160
2980458
1438274
2157859
7382137
3789955
4329831
6536394
925593
2830628
966175
1280633
7429820
601967
991503
8776970
4022636
6899737
4371208
9727405
9026804
3735301
4475250
1022042
6565910
5181953
9972492
2583480
3837159
902329
9803631
6688857
9145636
8469983
4593715
8739230
2882010
7967635
1201256
9894000
3642071
7354785
8911368
199237
3588129
7182365
5208225
7635012
7951602
9966268
9481665
3184526
5949227
478336
9201657
3744933
8523479
9602592
879199
9674162
2826335
2830788
1795835
726915
5920069
3102103
3111225
3652376
3207596
8497353
5518265
276344
1095578
8888384
8041997
1193717
6034566
4291388
149241
1220688
3142800
9509400
9962181
8919821
9946966
5921682
9032914
7624509
6775168
2578177
5454312
4773351
6730018
3055344
4793478
7579044
7797984
9666810
8242207
3923152
1736087
6108914
8592324
3470812
3102684
1623433
8722269
5925858
4508403
8427047
5994280
6767890
174830
9710569
8345477
371965
9751925
9796459
6044960
4305745
1252211
1591614
9826119
2375744
8317984
3963780
6728555
39427
9660506
800785
1997999
7625281
5635885
1211177
8184864
7907486
5082244
1915770
3287969
6215587
6642019
330418
8661821
7651363
7960081
4526166
4983897
9362496
1169073
3727962
8452722
5315346
5983157
2531394
7356867
2868961
5325774
7063057
7401734
9753126
1753605
3523404
4630354
9459731
2914917
4647814
210775
9771884
4822310
7914647
5954013
4037107
1730073
9803154
9100272
1234536
7025616
4442241
2597250
9672399
5816565
7018957
1487702
6092990
4762236
1294549
3086812
462704
7617471
3169077
3144294
2096803
9282363
8297327
8202720
348973
9098967
3362896
9052162
2542495
2258403
3780209
4889362
2923026
6591779
6155247
9873169
4015070
4791678
437603
298315
5473207
6152624
6495522
5200471
147371
8184913
2409910
1339293
1992185
4031626
2444351
4043112
2991128
5261718
2490261
2166495
185590
3506382
7125722
236750
8343230
9912289
5856148
8462226
9689547
7983092
2131166
3713280
2502257
5558467
6694234
2745701
1261032
9075667
1199118
7880708
5953618
8265861
69281
3274558
88851
7973063
6530160
8856837
5205912
9160257
4002374
1159811
4302007
9387465
3704776
5434311
6378342
1996711
2041363
2265098
7999253
8931374
7937397
9979276
9874338
790551
7908131
3767425
9801882
2634295
5080765
2888012
7747540
7599853
5412322
1287694
795588
4703745
6217043
4306944
2449597
2694239
9817906
2436724
6082499
8531704
2882046
3052676
2550986
1143767
6552881
1959485
1171073
3459887
1780069
6232513
9755147
3592047
5657138
5608417
6355889
2081794
8226609
4364046
4114702
5434259
4855842
3567087
4560445
3216866
9672099
6128608
6224973
5080
5032244
7009428
7443614
4111227
7276880
410080
8473487
5713813
3400585
6487395
5940594
452915
7440198
4512688
8930096
1697658
1878649
4332188
6859322
269973
3065045
3882540
4768647
7320109
9466094
9788414
8876681
925875
7229505
8922211
6216434
6507424
6289286
7742026
9076567
7990697
2984141
6870802
5604825
9656273
5309762
4737462
4740586
7488459
3161578
6809991
8429496
7729066
5312963
8813909
77180
9326431
6039504
1407684
4837218
7615975
6424620
5172353
1343569
3690362
812207
5780263
1233138
243960
1236972
8514438
5857083
4416599
778090
168404
5400745
5882653
8486583
6446890
1882194
2535278
7125385
6264310
7344434
1310295
9079126
1524811
6576982
8402877
9964801
3638244
6229121
1242826
6626797
3842016
6814285
1121551
1675907
3032590
7021022
6403201
3094784
2954394
3464106
592504
7425817
2131986
3028016
5978727
2946173
5198464
8512652
7088923
3570587
3174733
8505668
8486887
6571975
7858781
8843372
8964326
2470540
503259
4540079
6514005
3029332
3083564
7282656
4873866
7207015
5410721
4199677
9684374
7132950
192503
6391900
1598559
1066853
9480704
8436894
9794374
7916086
2424013
9292636
7053398
8849595
8683092
6207144
5487322
9951850
405831
2180085
2125320
1335950
4152766
9509426
8100491
9091654
5645725
2289453
4766441
9057107
1935123
8842845
3664759
1368137
9013013
4887573
3458730
3405743
7525853
6833092
4255335
9099993
9069538
8994985
7592316
1854481
7261851
6236972
8459433
2658630
6318794
4250480
6994546
879339
7130574
8101577
5487347
6448345
1521824
2138293
4141175
2977030
9445001
4663564
358779
9182454
1993046
9923610
3525741
8012700
9117649
6283108
7336317
5830210
4499379
6803334
2164270
8468420
9402173
5031594
7569704
7907552
7987206
191418
8615053
366870
1200687
970445
9017626
1149800
7231759
2733108
4847670
7296935
5152307
8094907
617108
7694580
3451213
459000
2026708
6664526
1924968
6658446
8019437
2565259
8029965
1234861
4068982
6307382
7167332
1412538
9825545
3666491
4586822
9229574
7252724
9034066
8820656
2613363
4935059
4451404
7673356
4944684
8470308
4550796
7966831
1719365
4410284
703464
4528544
4872330
1907061
1054713
7765359
1554837
3926673
3666224
443157
3681190
7225494
7042371
4286470
5245688
9119351
6962443
6554156
1153749
4258409
8558419
1124743
9950130
142444
4818997
9159265
8768872
9227845
500135
2729890
1482138
5059627
6082214
9976982
3382627
6122939
7338379
9615062
7115048
1467818
7943380
6289094
7449529
971649
9427719
2636498
4220468
2695932
9184849
8260625
4991722
6448551
3780786
6140811
2571598
4165009
995284
27083
8810801
1421512
9628571
9838436
5544392
4506623
6378610
1608306
2797431
1967389
6551947
5596536
7253483
4413847
9911958
441198
8181570
9679134
2215907
4292705
1758930
5573030
3648301
7039101
5539069
20368
7655751
3472382
4090298
227627
472318
3561059
341700
9077636
1755163
8878069
7422974
2728366
2629034
4319120
4934535
5227560
7297753
7195136
3337712
6189385
8268290
3039395
9562901
4807146
726156
5576354
3566466
7930671
2451657
2877215
8830654
5459458
7403682
6615767
2844521
8835557
9683794
7555196
9059044
2601980
9256317
5905049
9257193
4500562
4583741
5097588
9553113
1074930
3890544
3384873
2564801
7739154
4041243
7362340
1451457
793431
5756194
9172649
3810521
6914600
8577383
9728261
3712779
107958
4897992
550995
2863457
6415361
5109955
6715692
304917
8107756
8071618
5650162
4737008
8376728
921535
6091602
1368651
7820891
6067104
4328936
6237251
3634965
5485586
3285027
4544334
4846284
774021
2313077
911035
9986874
6100961
8024440
7410249
5137159
1654728
9155715
2980191
3591580
2352378
736980
2399945
6044207
5484783
2902660
6436021
9151760
8971330
8208348
6639936
6729638
7264843
7091609
9303284
4588858
6256015
8759518
1209348
7738629
7646099
1134720
4768329
3030012
1882894
7852576
4449333
4726648
3225078
3715105
6227503
4451923
3258708
9304303
1733408
8616025
5288529
2826899
1087003
57904
1690884
2454891
4785177
9260319
2918559
9380365
3176153
4534045
3806266
5961404
8014573
5145019
8120668
1166192
5278984
9120600
9666580
3475700
1123063
1949296
1262311
8312003
5292304
9958309
2647307
1209492
7077860
4828973
1424966
5207232
7559377
109487
6329472
8384586
8155672
2714140
8459493
1333773
4868180
5421623
5141082
1744288
1458853
7939455
5018072
2992927
5966294
3500527
626357
86993
5420512
2564175
9472362
6437324
3725742
8370154
1604158
1836883
1039749
5613838
164560
896333
7838941
6209092
7962687
8646204
6476195
2142073
1545945
3474774
7924460
1925186
7008027
9368052
1936387
180043
8220669
799910
6871725
5116341
5312865
6993195
799808
7142380
9018950
9838987
7468022
4300706
76099
2665774
4397241
1234836
5312056
885412
2656089
4666228
1160298
4036898
7824825
2963178
6056717
6891680
2824284
5061920
2900143
1284169
5688789
7983775
8901815
855956
1828741
9897747
8945467
4918541
3364923
9044201
5120921
3602772
8001642
8731088
5254118
4859697
9499984
9935942
5490095
6552900
6510698
45907
7052578
804497
857970
5054631
4208025
4136797
9411452
5286708
4086398
8699080
8252760
5780660
944756
2648973
7687136
6109613
7198662
5309566
1170038
8031110
2539778
6518488
9445406
6445330
6333929
6922602
3750269
4002953
6038961
9049291
1418641
8445278
2590373
3404506
2901540
1247056
9001759
9656428
2229384
1225317
9323264
8909059
290695
5299023
4711805
7375507
808883
4799181
9806220
3525752
2663474
6905191
6740672
1232814
2227434
8579537
4485227
7353039
9587445
6931725
443360
5299193
948988
5681533
6250475
3807384
2272191
7887130
8098605
8705282
7508349
7095130
1610824
6983364
5214895
9560071
9964876
6927224
2276007
5320999
6475722
6452385
2693533
5945730
5896168
1579302
4119735
5334993
4145469
8811759
2818735
8375872
4696100
8891181
6338683
4005821
3237122
318766
3107119
4422339
9594543
4422122
137221
4528528
6214483
4263099
4642243
2101236
7846064
7926103
7295476
7548662
2850270
966657
6673295
9054029
2645726
7506609
7359017
5488498
8145922
4516221
3668453
9241517
3160131
3736884
3806336
1322548
1237850
7664754
1978600
4947161
7898545
5226703
4718198
2023597
3012697
9969898
4719701
7674124
3100497
9659061
1721064
766084
258585
9951501
8587774
7496401
8583486
9713186
9212853
1254032
3259599
3389205
6644368
785074
4297393
1694868
731166
1510693
1614924
3403118
7099845
9218157
2076285
4815759
7786224
6866204
1893460
5670292
3793965
564929
4209148
2210266
7298060
3108198
6646615
7906012
6325803
8255192
1814177
9792307
5758599
744915
6332692
7504923
6057236
5723659
8525088
3372022
207643
4379605
6122521
350317
9473643
4579333
1158897
1027878
7481174
799412
3255368
6661127
4773347
9545136
3430378
6412018
9447841
3234723
867588
1311251
3751723
5670762
4875656
5740427
7185763
741192
1797506
4784652
6309463
9561837
298139
4101065
8722421
2182162
602268
8850099
9245971
3736628
6311530
3322723
6758987
8514133
1562751
7403862
3416063
5741765
2843758
7709283
7742142
686389
4399935
8669351
2161909
9906024
6654243
4136166
1285765
3513810
802548
9705408
7943671
6150581
5939120
3143977
5269490
1105263
3138999
4674667
2534903
275254
3530392
715068
2820655
1721280
1568869
6833087
2956312
8216522
5150555
1323663
9629189
1446085
2853105
2308860
6310345
2455560
8233306
2602219
1320231
8587759
5787240
258168
6380231
9537193
4154463
1840865
7703753
250201
9660288
9678603
7637956
2337256
871267
2171718
8141356
6202494
5355933
7690259
4215103
6840008
1842265
6770468
8542592
2869271
3543282
8947633
7879509
5579390
3161925
7854559
8056041
7723229
7947039
7226185
39910
1520696
8592617
4702544
5861298
960605
5193646
74164
7133859
1994566
6575149
687556
1403299
1441960
6925480
111558
2316260
4197898
921105
1522968
8403931
3439442
4284308
6767094
2788889
2380528
572960
6130821
2539318
3826247
5059889
976400
3315384
1451893
4513855
7920566
4625808
8005541
4322263
4128797
3573780
2108036
7272102
9565366
8414820
6550365
9743614
5886895
9285345
7718530
8548982
7931417
4131139
7716157
5111411
7306416
3738583
9372870
194914
4475901
1214646
7018823
6045387
4882655
9281984
4748040
6914431
2131857
3420801
7193121
3710767
8720934
7300012
9742829
5914711
4495566
7288925
9103835
6163295
4915824
2143395
2933586
7948996
2560051
5374014
9841579
1351751
4499674
1842527
862895
9106096
4068832
3612552
8835086
4952517
5241869
1189587
6521800
3291468
5064306
5658758
2079359
9974765
6462563
7742070
1575654
80901
4900651
1294589
1879366
8321597
9480095
8130136
5951356
1467698
9911100
2265699
3904115
7738931
7414364
5241434
198825
6503794
5010624
4508031
4362994
235752
394690
8619231
696645
4190996
1207427
8944402
5154196
3267153
3971099
1550158
7791922
2642608
2238388
3298298
7305741
7512032
429263
2430928
1165345
4695697
7321313
874322
4961112
2882895
3056366
2965993
3728455
2453565
9148400
6269551
524783
3468248
6597310
5252545
7298913
7400094
1919526
3556618
6072871
3110089
4531406
5934103
1659392
1283815
4833214
6580149
775534
566361
9570921
8574962
9343884
4193853
3649325
9355526
8205515
5619898
3559760
5725438
7381924
6031042
6844045
1726983
6235692
2289823
6595556
9164453
1154837
2456058
1231148
7524676
5888681
8011751
3049908
2874384
4739548
5994280
6239528
9866270
3884805
1755045
3959397
8288953
6707610
6012523
6358004
9253478
6662856
9821007
4120862
6103234
9123179
2450251
5368842
4862109
1136276
8314015
6058290
9614680
1911110
9737344
4915898
3641757
1441365
9851274
2876122
2518509
350609
5232681
6581324
380506
7803077
929552
260259
3148964
9810168
3148636
895392
4048636
2848833
2561138
8144252
7148729
5509196
8785953
9736131
3161417
7505285
2885583
7854801
2900665
7802845
3417996
5073601
3202434
5990367
6996257
8028420
816859
3439785
5406094
9753956
4034432
1927316
8208034
9578255
1222123
6246213
1092588
8384624
4404477
6521911
5449709
6435565
3288482
5349002
5029608
3828151
753403
7085654
7815387
9511518
9824239
5827348
120578
1738538
5893421
5242080
284000
2279512
3652096
2263170
2613771
5748343
9702140
7232373
7823119
136479
8052167
2543303
6502896
4922950
8764076
6999444
4814098
5582314
158889
9320178
5331530
462727
5803122
655278
1112213
1726288
3569717
3371976
9000154
5724929
8255757
8025658
5701108
7315971
6319775
6986682
3116370
4116908
9001081
8735164
5206524
8282353
4438420
4612629
1048600
3992554
8305907
3345754
7169633
8285397
6922397
8982811
7912416
8967430
4713449
767415
7092504
4151944
3251509
459310
7681655
6587229
5068490
7928135
3911379
443603
2371010
2691127
7325911
3213527
5117696
7816578
7948996
2746900
1053569
9749502
1352937
2620108
7212181
6715125
4590852
3063890
9893243
9413681
1381790
4649751
5821926
4808049
3503984
1912733
4454257
5035432
500747
5992176
3997297
6165014
600470
3869830
1856742
6569168
3635439
5384200
8135930
1878008
5283449
2689251
4125923
6766313
5555156
5962488
4415039
534249
6818949
723176
1722157
266368
7519273
1914334
1812249
4546103
4845171
7822697
8534898
4415055
6758341
7805402
6874161
8634068
8416588
9375365
2152644
7185940
1593819
3787082
4404598
6985938
8307874
5833338
5845793
1367667
157571
979670
808518
6205536
1532893
3079419
1087097
1000809
2858576
1190877
3438809
7769174
5536682
6581228
1528976
3660792
2804331
8009612
398848
2765661
2000674
5211932
2474925
3226674
2886055
3570109
4551506
7886098
7962106
6125028
5622569
8582974
2149146
5858343
7000846
6922636
963512
1327263
9672428
5049780
7463662
499362
1665665
3187099
6910274
9711366
671137
1832626
800349
9824014
2612678
1801911
3299162
466598
3658577
6543295
9970881
8052663
9139759
8589334
9536803
493414
5358550
5982663
2724414
8950369
8312577
208839
117035
2667842
2406578
8111378
7655423
4379198
9296235
3852492
5662290
143554
7465992
9452651
862074
3535056
4196952
4766575
1585107
9630012
3105871
2388643
236270
5262165
5553716
4531125
6500137
5517639
1017917
4770573
8429706
1039575
8618284
504218
1967341
4549217
3801350
3485784
3643878
3045868
511387
4793182
6602602
2337772
4886859
1445636
8407815
9401686
2489188
8755538
1295474
2809494
6733518
4616784
2327343
363347
7011903
3269507
5313434
6507034
9135532
8775568
3226206
1222513
8760622
8833814
7841932
2735657
9006993
1751500
5400751
9903938
1771315
8698909
2816883
4890610
7709233
139616
8193011
1358848
6960946
7676412
2624750
6791655
2957533
3049029
6692788
1869486
8552265
807308
1626353
8351217
7146882
2479515
7752348
8311485
8614108
5628234
615559
3707151
3869562
2863016
8286263
575787
3593191
4495556
970949
4040847
9933368
8408935
5854006
3446053
9826551
3327738
4807710
2308708
5318764
4869966
7076587
2089251
7174204
4850264
8668272
8776740
9559623
4859448
729730
1734388
1903259
8944260
4738707
3577788
411555
7658111
898873
3505484
5979952
5944566
167530
1862233
1128958
7631527
51260
305988
5784815
5535007
8775598
6568800
6830480
1853370
5691467
2638592
1936970
2029813
8943594
4214442
6792569
7519861
3578190
5354677
9944031
5648595
3410269
9688581
5898027
2502885
9716289
2153461
1991293
3234835
7226478
1288966
9483101
5590071
9919550
1736334
6261947
9623686
9499164
9796718
9891969
3779299
8973984
8517089
9795016
8541229
3890299
8298077
1474536
4111386
7147090
6462030
7852945
1409303
2760315
1693487
2161597
5703283
9328605
4195678
4186250
8440550
4273512
8051730
3677189
128305
9558665
2837138
2619813
3556714
1912355
6563914
7078259
9283198
7210705
2192563
9022542
8732772
3467926
1617987
4116071
9828610
9800729
1096715
6726205
7794327
9011431
2184707
385370
7067095
6800247
5612615
1569666
5789044
664508
8171006
7161033
7758113
7876802
3086068
4549901
3527114
8434755
2382143
4632138
8576308
3811787
9534149
7143336
2790062
1661653
5953590
2080262
9973423
9470579
5042043
6143756
1876581
4300051
8839091
2141102
9134549
1652144
7600493
2881924
5732335
6482740
7930097
6024222
2633321
9903866
9745364
6542152
6159315
4364461
2664709
1044088
8126175
8647673
3879605
9005498
5032703
8253735
1978034
4804318
3868845
1593236
4516112
8675182
8163129
164650
9352833
8768862
4784366
7963674
4459049
9715672
4811839
5142445
1574862
7555260
8748269
2428419
3404429
6689511
6984687
6554825
2144784
1490153
5396000
3454972
481338
256592
9642170
8062551
3580281
1159775
1327167
1029365
768737
7451220
5676519
9195256
6572788
1586437
9611308
430097
6016143
4821974
8555512
4039646
4097503
2672634
9398893
2474500
7587024
4830022
9819517
781258
7464384
5814794
1332799
892340
9058152
3784502
9421076
512503
2490023
9342389
9220260
4960978
4450522
6825419
8598210
3650089
5156856
1143561
6494954
2988171
6650230
4636090
7784980
7584413
5106043
9227947
9133624
7090058
7263886
3690057
9522704
595847
7600889
5253991
6099058
7584851
789577
5285931
4400803
6848662
7821754
1838310
6485846
83526
5443934
5721907
8050631
5329926
3465740
9576013
150088
4744276
2026638
5123806
5628480
9298664
7186737
1577805
2063095
6997721
9342832
1292782
8930815
8032873
6498677
4200812
4933129
5046340
4973343
2401569
3184887
9144434
335267
3036650
2676567
6366097
435505
7415931
6248405
2455185
9780871
7207693
210548
4538616
8262277
3611410
4511422
7190728
2806102
6052456
4644827
364067
9387800
628051
8661510
7874794
3160207
7067362
3889592
1458244
8473168
1300209
6742064
5269996
6040046
5158820
4719108
9190032
1502104
4565285
9583585
866164
5451008
5128254
5870474
7612214
739148
3087865
6425014
2460872
6851524
7916062
6630603
5854505
9326950
771295
786562
8046537
4371389
4490160
797651
8932392
2101573
8043857
9996001
6782357
2318009
4345806
9057972
5756937
5576385
3980539
8644863
5265956
6517047
9450274
5879436
3135734
1281969
8549181
9191874
6414328
2051880
738921
8284419
4485339
7589349
8196641
8292370
8990548
3293968
3451078
8179999
4812434
4244540
4830912
5829022
9932328
2455276
484200
35611
777480
3976222
8593570
6384338
7362584
9369334
2354004
3326230
7421123
7527149
8978357
7496738
4417442
3170609
3479763
8728687
9829113
693932
1721551
272012
4117004
2531450
1254013
7722688
3323210
1002326
4401725
8179260
2968581
8572565
6056203
8877064
2451524
7124569
6611521
2170398
8075882
4783842
1201010
2641803
3051161
5664451
6848351
1012922
4159000
5530970
9572457
8124199
6387567
357337
7831547
1345329
3821684
9740019
8206431
2285145
6044030
3397160
3182512
4745228
7928348
914388
4967619
7397597
7669357
5729343
8271927
1887339
7262800
463966
2931789
1890193
8395080
7480917
7813040
9586926
5400480
249661
1159599
5618550
8280169
2949804
3697261
6598129
3633018
8316113
8769217
8612760
5513758
8882969
2092136
4731709
557663
2936662
2306840
5691035
9548042
9780159
6799430
8676669
2442276
1422824
1636721
5704995
4645338
1488606
6418084
7429790
4603555
4930440
856102
122971
6751498
7785119
4345356
3074982
3426820
758372
2089081
5030590
1520516
3267498
3389669
3272205
4930470
4160107
8910747
7995606
1342677
5204222
2396025
3167941
9907579
7421742
1334546
9569372
6558166
6654717
4594984
5181276
8725846
1773345
1737512
4813068
2063935
3993601
6450791
9181709
5727945
4969924
1242292
9414010
9778487
8812949
6096825
1199766
8107798
4541743
5230359
1494692
7592537
5206798
3341018
734985
9887122
7442416
5906079
693750
9166477
2330455
2916147
3293641
4287630
5570302
1876892
507945
1387633
1343970
9917223
1294476
564360
694102
2152599
2858567
4593739
6874894
4100589
8669133
882859
6345862
696390
9526821
6480276
8853323
4372284
3499580
4430272
2602830
9270113
6001017
9975739
1593646
5075420
5324770
9340798
6747756
7195490
5105788
7444644
7992293
6599276
9770852
450084
8132270
4754751
6947385
5270550
454499
978081
741048
9535804
900156
8054806
462705
9016024
2221467
4686482
4304269
7321286
6321029
6035264
2398461
3614017
7207862
5660157
9059970
4210549
6484621
4674617
4758859
4092928
1771636
7627856
4511061
6196032
2476513
3220874
6029289
9468658
6510383
3613884
3324751
5314501
1223671
7729130
865652
7526523
6588156
216837
587073
5272668
9558502
7776958
403720
1391158
8106548
1315657
2777189
6806596
9090417
2393735
7981910
5199718
3516819
9546146
1119750
5664845
505895
2722167
4777336
47589
3461232
6411785
4002467
1685268
9845445
615585
6973639
4856531
120468
7308684
9161665
7287475
6167256
6178446
8701891
7380119
8828916
3471735
9397991
1235892
4331148
6462354
6343268
6102717
2786462
4208948
841417
2254085
6174488
6998021
8038780
7164005
3172788
1926165
8756427
7454241
8333329
6499503
3433158
1627164
479242
8011502
9929350
4355583
5713114
2715883
1855771
174615
2841540
5149968
4132591
1417820
5242499
3641753
5546280
2421955
3067261
7205316
1240820
2495661
1405779
2789763
5082131
1702698
7936497
2283779
9729380
7347436
4574339
7429842
6864124
5435590
8017019
1417358
8387248
8261639
2667470
1077563
223829
8243108
2534839
9867928
2649654
8234295
1833953
73888
4418600
4394451
354575
9325618
8321345
6368388
9267427
976947
3458711
9853161
6376859
2775343
5340566
7128189
8745888
1865133
7845227
1784978
6267585
7050286
4291211
4591902
450963
7865189
3813916
5579883
5076084
9512421
4234531
5702948
9233734
6045654
9825931
5949885
2900641
2840461
7732261
9032160
8358155
8721812
9867812
6854885
5947697
3689247
2940579
2595449
2035232
6461114
5884787
7631541
6185434
9010987
8422866
2724977
4881531
2205290
7302912
8079786
5350757
6410420
475568
870740
8666156
6326900
8011669
5171457
2316852
3509540
9181764
9220152
4592097
8003281
5354812
2664189
1075946
5968433
3051873
7292230
5569504
6478782
3433428
1486597
3724156
9449376
7410536
6624990
3862917
8654990
4404815
2830576
7965705
6318588
7794769
5903134
2932162
2925988
9147239
4587739
5789686
260734
2843402
6055007
1167804
1104844
7106624
502114
9794932
8940530
8264016
2585076
7654956
8788031
6811970
2218562
1501712
1610289
118006
8255113
5110379
831005
913592
5249331
4593980
3988470
6219695
5091376
6990888
2991171
9916579
7241815
8869990
3896589
7453510
2020516
3409143
9298079
3016091
6387820
1590841
3887517
3923428
8978439
597066
2520814
1995084
4564665
1001136
9796306
13604
3501835
9278619
4272139
5325506
7074630
596537
8685261
2855250
2817941
153336
9523472
7685656
7716908
8295670
1378587